[
    {
        "main/loss": 0.1898172643377135,
        "validation/main/loss": 0.08320903085463215,
        "validation/main/accuracy": 0.9738000059127807,
        "epoch": 1,
        "main/accuracy": 0.941833336353302,
        "iteration": 600
    },
    {
        "main/loss": 0.07460710481352484,
        "validation/main/loss": 0.07275170444481774,
        "validation/main/accuracy": 0.9772000062465668,
        "epoch": 2,
        "main/accuracy": 0.9762333442767461,
        "iteration": 1200
    },
    {
        "main/loss": 0.04749107597240557,
        "validation/main/loss": 0.08550500096971518,
        "validation/main/accuracy": 0.9742000019550323,
        "epoch": 3,
        "main/accuracy": 0.985000010530154,
        "iteration": 1800
    }
]